image: EE5f_scene.pgm
resolution: 0.050000
origin: [-20.168027, -76.750458, 0.000000]




