image: shoppingmall_scene_v3.pgm
resolution: 0.050000
origin: [-50.000000, -50.000000, 0.000000]

