image: /home/ros/mars_lite_ws/src/mars_lite_2dnav/maps/lab0706x1.pgm
resolution: 0.050000
origin: [-27.800000, -43.800000, 0.000000]
negate: 0
occupied_thresh: 0.65
free_thresh: 0.196

