image: 003.pgm
resolution: 0.050000
origin: [-12.035734, -15.029465, 0.000000]
negate: 0
occupied_thresh: 0.65
free_thresh: 0.196

