image: 004.pgm
resolution: 0.050000
origin: [-6.872521, -6.640674, 0.000000]
negate: 0
occupied_thresh: 0.65
free_thresh: 0.196

