image: 006.pgm
resolution: 0.050000
origin: [-32.869324, -11.056506, 0.000000]
negate: 0
occupied_thresh: 0.65
free_thresh: 0.196

