image: 007.pgm
resolution: 0.050000
origin: [-32.207623, -11.066864, 0.000000]
negate: 0
occupied_thresh: 0.65
free_thresh: 0.196

