image: 012.pgm
resolution: 0.050000
origin: [-5.449950, -5.490240, 0.000000]
negate: 0
occupied_thresh: 0.65
free_thresh: 0.196

