image: 021.pgm
resolution: 0.050000
origin: [-8.285141, -5.888807, 0.000000]
negate: 0
occupied_thresh: 0.65
free_thresh: 0.196

