image: 022.pgm
resolution: 0.050000
origin: [-6.710337, -6.207508, 0.000000]
negate: 0
occupied_thresh: 0.65
free_thresh: 0.196

