image: 024.pgm
resolution: 0.050000
origin: [-6.140134, -5.619413, 0.000000]
negate: 0
occupied_thresh: 0.65
free_thresh: 0.196

