image: 026.pgm
resolution: 0.050000
origin: [-6.472398, -5.282694, 0.000000]
negate: 0
occupied_thresh: 0.65
free_thresh: 0.196

