image: 028.pgm
resolution: 0.050000
origin: [-33.295685, -5.412498, 0.000000]
negate: 0
occupied_thresh: 0.65
free_thresh: 0.196

