image: 001.pgm
resolution: 0.050000
origin: [-8.206504, -12.797192, 0.000000]
negate: 0
occupied_thresh: 0.65
free_thresh: 0.196

