image: shoppingmall_scene.pgm
resolution: 0.100000
origin: [-50.000000, -50.000000, 0.000000]

